3.94
3.34
3.36
3.54
3.46
3.31
3.63
3.73
3.52
3.36
3.53
3.49
3.53
3.37
3.51
3.45
3.53
3.60
3.47
3.44
3.33
3.47
3.34
3.58
3.41
3.32
3.33
3.74
3.36
3.40
3.30
3.57
3.27
3.40
3.41
3.40
3.46
3.42
3.46
3.54
3.55
3.41
3.49
3.41
3.49
3.38
3.60
3.56
3.49
3.43
3.43
3.44
3.61
3.61
3.62
3.70
3.52
3.45
3.48
3.50
3.44
3.42
3.39
3.47
3.49
3.48
3.57
3.58
3.48
3.48
3.72
3.47
3.42
3.45
3.52
3.47
3.51
3.69
3.46
3.53
3.50
3.39
3.34
3.39
3.40
3.42
3.51
3.50
3.59
3.54
3.48
3.46
3.48
3.54
3.46
3.47
3.53
3.54
3.51
3.46
3.24
3.35
3.45
3.44
3.45
3.28
3.36
3.41
3.36
3.50
3.73
3.60
3.54
3.46
3.45
3.45
3.76
3.42
3.43
3.42
3.52
3.48
3.45
3.64
3.85
3.70
3.36
3.55
3.40
3.45
3.51
3.53
3.52
3.48
3.47
3.56
3.52
3.47
3.52
3.46
3.44
3.50
3.60
3.50
3.40
3.31
3.36
3.40
3.37
3.38
3.40
3.43
3.52
3.41
3.52
3.34
3.49
3.33
3.36
3.39
3.56
3.55
3.44
3.39
3.34
3.60
3.27
3.50
3.62
3.48
3.53
3.48
3.38
3.33
3.33
3.34
3.32
3.44
3.51
3.31
3.46
3.40
3.41
3.51
3.37
3.43
3.51
3.65
3.61
3.55
3.42
3.53
3.32
3.37
3.37
3.40
3.37
3.39
3.55
3.48
3.56
3.49
3.50
3.50
3.50
3.50
3.45
3.44
3.48
3.46
3.68
3.38
3.40
3.59
3.48
3.60
3.50
3.50
3.41
3.57
3.51
3.25
3.55
3.52
3.64
3.39
3.40
3.50
3.56
3.48
3.41
3.55
3.71
3.54
3.27
3.23
3.31
3.48
3.46
3.55
3.88
3.53
3.35
3.44
3.39
3.83
3.36
3.71
3.61
3.63
3.59
3.44
3.41
3.47
3.48
3.43
3.58
3.57
3.58
3.53
3.40
3.47
3.48
3.37
3.62
3.41
3.44
3.63
3.50
3.48
3.47
3.30
3.40
3.49
3.57
3.49
3.57
3.45
3.56
3.37
3.49
3.50
3.45
3.80
3.45
3.51
3.52
3.42
3.47
3.51
3.32
3.32
3.24
3.50
3.51
3.36
3.48
3.42
3.45
3.30
3.41
3.41
3.48
3.51
3.42
3.57
3.52
3.52
3.25
3.49
3.39
3.45
3.52
3.40
3.46
3.53
3.44
3.50
3.44
3.43
3.50
3.34
3.49
3.37
3.46
3.47
3.53
3.48
3.53
3.46
3.59
3.49
3.46
3.51
3.47
3.46
3.52
3.42
3.36
3.53
3.52
3.55
3.53
3.49
3.46
3.32
3.55
3.55
3.59
3.45
3.30
3.60
3.57
3.42
3.49
3.47
3.56
3.57
3.45
3.50
3.44
3.50
3.42
3.28
3.42
3.32
3.56
3.36
3.40
3.73
3.44
3.83
3.48
3.48
3.57
3.61
3.65
3.47
3.48
3.66
3.58
3.56
3.38
3.40
3.56
3.51
3.56
3.49
3.41
3.51
3.57
3.46
3.52
3.48
3.57
3.47
3.46
3.55
3.45
3.46
3.49
3.52
3.54
3.71
3.55
3.54
3.42
3.50
3.57
3.50
3.50
3.51
3.28
3.53
3.41
3.24
3.42
3.52
3.50
3.43
3.49
3.49
3.51
3.65
3.26
3.48
3.48
3.55
3.52
3.58
3.49
3.98
3.94
3.49
3.37
3.48
3.49
3.48
3.47
3.42
3.50
3.52
3.36
3.46
3.49
3.61
3.60
3.86
3.50
3.45
3.50
3.37
3.48
3.36
3.94
3.56
3.53
3.40
3.38
3.53
3.44
3.56
3.51
3.35
3.31
3.46
3.51
3.51
3.43
3.49
3.34
3.52
3.44
3.45
3.44
3.50
3.54
3.56
3.45
3.38
3.34
3.69
3.36
3.56
3.46
3.51
3.55
3.55
3.47
3.54
3.59
4.04
3.61
3.53
3.53
3.46
3.49
3.50
3.50
3.59
