3.63
3.32
3.25
3.38
3.25
3.16
3.26
3.35
3.24
3.77
3.27
3.46
3.17
3.21
3.11
3.32
3.22
3.26
3.24
3.25
3.09
3.19
3.29
3.24
3.51
3.33
3.57
3.26
3.26
3.14
3.32
3.26
3.13
3.34
3.87
3.09
3.27
3.10
3.02
3.12
3.17
3.23
3.21
3.32
3.22
3.30
3.25
3.25
3.21
3.22
3.30
3.22
3.35
3.18
3.25
3.16
3.31
3.16
3.31
3.27
3.37
3.20
3.41
3.20
3.11
3.06
3.31
3.10
3.24
3.26
3.25
3.33
3.09
3.16
3.19
3.30
3.32
3.15
3.41
3.31
3.13
3.24
3.29
3.23
3.18
3.27
3.29
3.69
3.31
3.28
3.20
3.03
3.24
3.25
3.22
3.14
3.14
3.07
3.33
3.32
3.22
3.18
3.15
3.28
3.11
3.24
3.34
3.21
3.22
3.30
3.25
3.19
3.25
3.48
3.30
3.31
3.32
3.22
3.27
3.23
3.36
3.18
3.14
3.26
3.21
3.30
3.25
3.24
3.27
3.16
3.14
3.54
3.44
3.18
3.20
3.23
3.13
3.29
3.10
3.30
3.20
3.22
3.81
3.23
3.20
3.22
3.37
3.29
3.32
3.39
3.42
3.25
3.03
3.20
3.26
3.25
3.14
3.19
3.26
3.26
3.32
3.14
3.23
3.21
3.25
3.27
3.27
3.17
3.21
3.25
3.29
3.62
3.29
3.11
3.15
3.19
3.25
3.24
3.28
3.33
3.19
3.23
3.18
3.20
3.33
3.32
3.23
3.22
3.20
3.17
3.51
3.22
3.26
3.18
3.12
3.29
3.18
3.11
3.26
3.14
3.13
3.25
3.19
3.39
3.28
3.13
3.17
3.24
3.14
3.12
3.10
3.18
3.31
3.40
3.12
3.21
3.19
3.10
3.11
3.13
3.34
3.19
3.24
3.27
3.22
3.18
3.23
3.20
3.31
3.10
3.28
3.32
3.33
3.21
3.35
3.37
3.42
3.75
3.20
3.09
3.24
3.31
3.22
3.23
3.22
3.62
3.23
3.29
3.26
3.33
3.23
3.29
3.09
3.13
3.11
3.25
3.14
3.19
3.26
3.21
3.20
3.53
3.37
3.14
3.20
3.23
3.24
3.35
3.16
3.04
3.33
3.29
3.27
3.18
3.56
3.36
3.34
3.22
3.10
3.20
3.35
3.30
3.25
3.30
3.33
3.31
3.24
3.16
3.30
3.20
3.21
3.20
3.35
3.30
3.09
3.09
3.31
3.26
3.24
3.14
3.29
3.11
3.20
3.15
3.14
3.26
3.12
3.28
2.99
3.15
3.11
3.28
3.35
3.32
3.28
3.51
3.17
3.32
3.30
3.32
3.25
3.27
3.17
3.30
3.25
3.24
3.15
3.25
3.30
3.11
3.24
3.27
3.32
3.20
3.20
3.24
3.19
3.31
3.20
3.22
3.23
3.03
3.26
3.24
3.05
3.13
3.32
3.36
3.22
2.96
3.15
3.25
3.30
3.22
3.23
3.24
3.02
3.24
3.32
3.04
3.09
3.31
3.19
2.98
3.21
3.12
3.17
3.27
3.29
3.16
3.20
3.25
3.30
3.27
3.23
3.20
3.27
3.20
3.15
3.28
3.33
3.24
3.31
3.25
3.23
3.37
3.18
3.16
3.13
3.35
3.17
3.23
3.19
3.28
3.30
3.17
3.14
3.28
3.36
3.15
3.30
3.12
3.08
2.99
3.41
3.25
3.13
3.18
3.31
3.10
3.34
3.16
3.16
3.36
3.21
3.20
3.24
3.18
3.13
3.25
3.24
3.18
3.23
3.21
3.24
3.17
3.33
3.27
3.15
3.18
3.28
3.32
3.11
3.20
3.17
3.22
3.30
3.22
3.11
3.08
3.20
3.21
3.40
3.27
3.26
3.31
3.26
3.26
3.30
3.13
3.34
3.26
3.23
3.17
3.23
3.09
3.25
3.00
3.21
3.25
3.26
3.22
3.12
3.31
3.26
3.19
3.37
3.22
3.13
3.14
3.45
3.24
3.37
3.26
3.21
3.26
3.21
3.19
3.42
3.34
3.96
3.44
3.17
3.35
3.17
3.28
3.13
3.11
3.17
3.16
3.27
3.30
3.08
3.11
3.26
3.15
3.23
3.36
3.30
3.23
