3.81
3.24
3.07
3.16
3.17
3.15
3.21
3.07
3.17
3.24
3.17
3.07
3.11
3.09
3.15
3.21
3.24
3.12
3.09
3.23
3.12
3.22
3.20
3.14
3.07
3.24
3.19
3.16
3.14
3.23
3.28
3.13
3.07
3.13
3.19
3.59
4.07
3.17
3.12
3.21
3.15
3.30
3.02
3.23
3.19
3.21
3.13
3.08
3.14
3.19
3.15
2.99
3.32
3.18
3.21
3.19
3.18
3.68
3.30
3.24
3.10
3.20
3.22
3.18
3.14
3.09
3.20
3.12
3.10
3.09
3.30
3.15
3.20
3.13
3.16
3.14
3.21
3.21
3.19
3.22
3.28
3.31
3.09
3.20
3.16
3.18
3.15
3.17
3.14
3.09
3.19
3.04
3.10
3.07
3.26
3.10
3.23
3.36
3.25
3.05
3.19
3.03
2.98
2.94
3.07
3.10
3.16
3.04
2.95
3.18
3.14
3.12
3.23
3.08
3.22
3.25
3.27
3.13
3.23
3.22
3.19
3.18
3.11
3.13
3.28
3.18
3.15
3.26
3.26
3.13
3.12
3.40
3.20
3.29
3.27
2.95
2.97
3.10
3.18
3.15
3.19
3.26
3.20
3.18
3.10
3.24
3.23
3.32
3.19
3.23
3.18
3.34
3.26
3.23
2.99
3.14
3.12
3.11
3.04
3.22
3.11
3.21
3.13
3.19
3.09
3.07
3.20
3.22
3.22
3.22
3.18
3.19
3.14
3.17
3.29
3.23
3.28
3.26
3.43
3.10
3.18
3.42
3.42
3.43
3.44
3.04
3.25
3.23
3.11
3.05
3.02
3.09
3.07
2.97
3.11
3.08
3.17
3.11
3.13
3.23
3.25
3.07
3.12
3.19
3.24
3.31
3.34
3.11
3.21
3.12
3.19
3.19
3.17
3.14
3.23
3.01
3.19
3.14
3.22
3.16
3.20
3.18
3.24
3.21
3.62
3.46
3.15
3.19
3.16
3.24
3.10
3.21
3.20
3.14
3.19
3.18
3.20
3.30
3.16
3.06
3.18
3.16
3.04
3.13
3.19
3.18
3.24
3.24
3.20
3.27
3.20
3.18
3.19
3.26
3.15
3.18
3.10
3.18
3.20
3.10
3.14
3.25
3.23
3.18
3.10
3.19
3.13
3.33
3.03
3.19
3.06
3.10
3.20
2.94
3.12
3.12
3.27
3.26
3.06
2.93
3.11
3.10
3.28
3.17
3.18
3.30
3.19
3.17
3.20
3.26
3.11
3.10
3.18
3.22
3.25
3.33
3.04
3.20
3.22
3.20
3.32
3.24
3.09
3.23
3.24
3.03
2.96
3.02
3.18
3.19
2.98
3.06
3.16
3.04
3.18
3.20
3.30
3.03
3.16
3.25
3.19
3.35
3.20
3.19
3.04
3.19
3.20
3.18
3.16
3.29
3.22
3.22
3.20
3.12
3.32
3.09
3.23
3.18
3.21
3.25
3.13
3.13
3.15
3.11
3.75
3.10
3.20
3.26
3.17
2.96
3.15
3.03
3.47
3.06
3.03
3.14
2.99
3.08
3.09
3.18
3.08
3.14
3.09
3.07
3.22
2.98
3.11
3.05
3.13
3.06
3.16
3.17
3.09
3.20
3.19
3.17
3.09
2.99
3.07
3.04
3.20
3.31
3.14
3.11
3.28
3.25
3.20
3.24
3.29
3.21
3.19
2.95
3.33
3.14
3.31
3.08
3.37
2.97
3.18
3.13
3.26
3.08
3.16
3.14
3.22
3.17
3.10
3.09
3.03
3.22
3.17
3.13
3.14
3.26
3.10
2.96
3.06
3.13
2.98
3.17
3.28
4.36
3.29
3.16
3.15
3.18
3.17
3.09
3.70
3.17
3.27
3.07
3.11
3.11
3.02
3.08
3.06
3.16
3.05
3.10
3.14
3.13
3.15
3.22
3.18
3.27
3.21
3.18
3.14
3.13
3.10
3.14
3.20
3.07
3.20
3.11
3.10
3.08
3.27
3.10
3.38
3.27
3.33
3.09
3.29
3.25
3.40
3.42
3.77
3.73
3.10
3.26
3.17
3.23
3.11
3.17
3.21
3.20
3.25
3.12
3.06
3.17
3.26
3.07
3.19
3.08
3.30
3.29
3.05
3.15
3.17
3.15
3.19
3.20
3.22
3.31
3.23
3.31
3.09
3.28
